First Charecter : (24,1)  =  C
String : (24,1)  =  C-{fRR}
4	0	0	0	0	0	0	0	0	0	2	3	0	0
	
0	0	0	0	0	0	0	0	acc	0	0	0	0	0
	
4	T-S	0	0	0	0	0	0	T-S	0	5	3	0	0
	
0	0	7	8	6	0	0	0	0	0	0	0	0	0
	
0	T-ST	0	0	0	0	0	0	T-ST	0	0	0	0	0
	
0	0	0	0	0	0	0	9	0	0	0	0	0	0
	
0	0	0	0	0	0	0	10	0	0	0	0	0	0
	
15	0	0	0	0	0	14	13	0	0	0	0	11	12
	
15	0	0	0	0	0	14	13	0	0	0	0	16	12
	
4	0	0	0	0	0	0	0	0	0	17	3	0	0
	
0	18	0	0	0	0	0	0	0	0	0	0	0	0
	
R-C	R-C	0	0	0	0	R-C	R-C	0	0	0	0	0	0
	
R-x	R-x	0	0	0	0	R-x	R-x	0	0	0	0	0	0
	
R-n	R-n	0	0	0	0	R-n	R-n	0	0	0	0	0	0
	
0	0	0	0	0	19	0	0	0	0	0	0	0	0
	
0	20	0	0	0	0	0	0	0	0	0	0	0	0
	
0	21	0	0	0	0	0	0	0	0	0	0	0	0
	
S-{pR}	S-{pR}	0	0	0	0	0	0	S-{pR}	0	0	0	0	0
	
15	0	0	0	0	0	14	13	0	0	0	0	22	12
	
S-{=xR}	S-{=xR}	0	0	0	0	0	0	S-{=xR}	0	0	0	0	0
	
S-{lxT}	S-{lxT}	0	0	0	0	0	0	S-{lxT}	0	0	0	0	0
	
15	0	0	0	0	0	14	13	0	0	0	0	23	12
	
0	24	0	0	0	0	0	0	0	0	0	0	0	0
	
C-{fRR}	C-{fRR}	0	0	0	0	C-{fRR}	C-{fRR}	0	0	0	0	0	0	
Stack pop = D
